0.960646
0.961236
0.964047
0.960839
0.959438
0.960882
0.961029
0.964595
0.961096
0.963035
0.960278
0.961028
0.959286
0.960170
0.959694
0.961897
0.959537
0.961662
0.959855
0.959681
0.962848
0.959549
0.961154
0.960607
0.961481
0.959777
0.959424
0.960223
0.961540
0.960398
0.962717
0.961551
0.960451
0.959508
0.965438
0.959609
0.961664
0.961387
0.959160
0.960097
0.960120
0.961421
0.960395
0.961007
0.960087
0.959066
0.960573
0.959026
0.961681
0.963763
0.960562
0.964908
0.959690
0.961424
0.958839
0.960540
0.959735
0.960312
0.960061
0.960672
0.963203
0.960183
0.961789
0.959724
0.960198
0.959358
0.961167
0.965109
0.960475
0.958845
0.960779
0.959867
0.959317
0.961901
0.959918
0.961269
0.962456
0.959791
0.964046
0.962191
0.960394
0.959360
0.962224
0.962311
0.959985
0.961845
0.960980
0.960630
0.959427
0.963573
0.960406
0.960237
0.960980
0.961606
0.960875
0.962293
0.962164
0.959755
0.961078
0.959875
