0.958613
0.958553
0.958559
0.958549
0.958608
0.958576
0.958615
0.958587
0.958512
0.958531
0.958602
0.958530
0.958585
0.958565
0.958629
0.958548
0.958544
0.958489
0.958630
0.958632
0.958528
0.958478
0.958521
0.958558
0.958574
0.958577
0.958572
0.958495
0.958580
0.958711
0.958594
0.958515
0.958565
0.958566
0.958575
0.958606
0.958562
0.958549
0.958644
0.958565
0.958565
0.958575
0.958528
0.958641
0.958530
0.958605
0.958564
0.958573
0.958549
0.958553
0.958613
0.958461
0.958575
0.958572
0.958510
0.958645
0.958607
0.958574
0.958537
0.958592
0.958626
0.958603
0.958621
0.958545
0.958518
0.958526
0.958531
0.958515
0.958662
0.958574
0.958521
0.958644
0.958507
0.958542
0.958532
0.958686
0.958472
0.958611
0.958558
0.958486
0.958586
0.958612
0.958512
0.958650
0.958633
0.958524
0.958583
0.958608
0.958623
0.958600
0.958616
0.958526
0.958543
0.958625
0.958585
0.958616
0.958573
0.958595
0.958574
0.958501
